version https://git-lfs.github.com/spec/v1
oid sha256:cebf5fccaf87e90bfb696d289e30147acfec2e31c08700d437b5ec5384e4b817
size 37299
