version https://git-lfs.github.com/spec/v1
oid sha256:55fe50b3578f07a8d2d97e1724fbfe5e746d97ede52dadac7f2d4cc6797dae3b
size 747860
