version https://git-lfs.github.com/spec/v1
oid sha256:1fdc47d88526cc0eb3a26e71ca880b5993b1dba9984ed37236fffa34048ec961
size 1544761
