version https://git-lfs.github.com/spec/v1
oid sha256:6e103d1b4b34c6777309868d85b375f0dd93056adbaeee4df3edaec733d61e4c
size 980831
