version https://git-lfs.github.com/spec/v1
oid sha256:9f1394677a031a116adc3a5632d62aae5b19e29899a7449f1770f16b63df9881
size 214614
