version https://git-lfs.github.com/spec/v1
oid sha256:3e9794997e75e73c7a4affe76fecf08140032431c52c52a03b76f7f740c684d2
size 951689
