version https://git-lfs.github.com/spec/v1
oid sha256:df41fbbb0aaedd15fced31485eabbbf158469503bb2900fab42e8df137c4f7c1
size 453304
