version https://git-lfs.github.com/spec/v1
oid sha256:3d02f0760e797fb5f3c112407f9fdaf8601351f2ab13759e0ef548627ade6e07
size 1299
