version https://git-lfs.github.com/spec/v1
oid sha256:ab7cda856c8e134f72fa68c96b7fa81cfa77795ac04979890c0d3284cb86d18c
size 2200692
