version https://git-lfs.github.com/spec/v1
oid sha256:fe74462345be0ca209aa41a352a31826e50b2ca2c7daa2295748ec982672e8d6
size 6811427
